1.7599718109115257 59.99206008201638
1.5755309156389894 51.13480419102467
1.785403235991891 64.55750931236419
1.860812787248816 69.81097711683252
1.833922856595713 59.025781427465894
1.7387578159393398 61.686978101617875
1.8126126774718814 66.48771077692037
1.7103362334959342 63.43244092701582
1.6548009188581005 59.88018168756643
1.710592301318736 64.09471411950003
1.6171149776075988 55.962750542262214
1.6977002726627048 59.976436090178176
1.6825210690577375 60.80544120444184
1.832539919204972 66.2898158660343
1.8693773499948445 71.11062095460578
1.7260864750089666 62.365640259975066
1.8918542717320155 69.04160013856446
1.5961794681829435 50.8185709438807
1.6458808008920454 52.360399885082906
1.7957271381578779 65.72194554441727
1.7574702906373347 63.69934384883293
1.7213894880271423 63.09642222223319
2.0392455717836953 86.98356993452045
1.8000506453155527 67.21030476136998
1.7407472668117527 62.45442022812307
1.6841680071737684 55.366885653267545
1.79787567436929 63.71372008626631
1.6466666763644044 54.090420248349666
1.6160128180382796 53.34586412640302
1.7931687825280769 64.68486230010623
1.6677738845494068 60.81733779346649
1.7442161999206036 61.58051824345496
1.5898171783878172 50.87733435328921
1.7892948901204684 60.73329807908485
1.731062235305524 57.514716455051435
1.762499252560306 65.32966134598851
1.7204741884448356 60.33654866463633
1.5002851564216593 45.6871746754335
1.6955647405244598 59.1349678214587
1.775295705367399 64.27228382320163
1.6665933745187638 54.45668010009332
1.7467527182861582 60.29320330101792
1.7487014027606405 63.58558918233399
1.826916610806637 65.00620513946642
1.7073638809478355 60.611923061431774
1.8078709555272712 69.07343032677528
1.724923691532492 58.64673036617799
1.7036933150745486 60.518266800418786
1.639683162489425 55.0562504537716
1.7418462162184194 59.75945639304073
1.7190817869968256 56.54808829802015
1.8915493989321726 75.33109706393351
1.7077169281409745 55.30068293702607
1.7476659352191515 65.32793370679691
1.6992317819598062 64.31664070217467
1.9053772484147253 73.62043997790043
1.595405680482796 56.00557683334068
1.7313265630626034 61.34071987870047
1.9156157765804522 72.83324580325346
1.695515630717222 60.722795375002825
1.770703591226968 66.04449197575394
1.8268529497918333 74.61467859144157
1.6261229983179473 53.44643160245272
1.7417580179600587 59.200865743269354
1.7178202499757325 62.305111785893466
1.6955232589854217 58.244495405710424
1.841161367994284 66.85022803776603
1.5788696692400495 51.40683709889964
1.7752720722816322 57.009291621416075
1.7735267995188502 62.946429174437995
1.8818091469893805 73.7631124254168
1.6316059673802557 60.08345177308864
1.7738525388551496 68.49880822537028
1.7979045534076445 70.82811993219501
1.571573692239403 48.85977022989806
1.8278234709086292 70.95881927741486
1.8600260935423678 68.99192543240447
1.9747295477563531 82.293860207784
2.00403583813347 82.53385595645734
1.7405849812807141 59.534968636571236
1.7363440550753748 64.36110025760637
1.8438894121380012 67.23932394496639
1.6286241900433966 55.560209692529845
1.8708363726269888 67.8369846548198
1.765306998745534 64.15189478591253
1.7845153878874938 62.92309905193863
1.8289602343406313 69.32747540115818
1.8015115829969792 65.32192757662358
1.524720580579873 46.87483938188777
1.7593585337820727 58.36434551191955
1.8927576919189935 73.43527264372862
1.7307377447937258 64.4449536827252
1.976856431910995 80.17142045091754
1.893912183899855 68.0917499599915
1.6689666407224184 56.28972738436987
1.856452803447723 70.80687176192005
1.6963298959065218 60.89303954056652
1.7507478492300999 61.82871010653094
1.892645525113916 66.26913239435082
1.716521150116068 59.277190232009595
1.829342174830194 71.32716160296417
1.7311677288617344 61.72022465741304
1.7442407017710273 66.33489858942008
1.828156559410399 65.52857461002183
1.7732747768996875 65.47293152026253
1.6842018897547295 58.42036150276691
1.679759436733284 58.23647363656678
1.5795459198300208 50.42436607362688
1.791104870813179 63.14030904494241
1.7560377368742988 65.00881213657175
1.6381011232764946 55.49214718474077
1.920626573979778 79.12755108799419
1.715487111803664 63.97142967961006
1.7695174082364191 64.03842218014485
1.8514418978380418 71.95963576555668
1.7903207918108204 65.94969229201334
1.7909675771818692 64.1311781086119
1.7046313072912624 62.497351426134706
1.6745356789729613 55.80322565939659
1.8126391771021506 67.09404294948163
1.5620402895814691 47.82843890339952
1.5864243931730746 56.30616695141261
1.7270094038061174 62.23603095174549
1.6657488197207722 57.84730697147923
1.7393373748666145 59.93076066145574
1.6625429208747804 55.98187127223329
1.6384026403752796 58.41643654710964
1.9390467499026034 83.53502599520309
1.758731340595097 63.70554717074782
1.676079557905391 57.54780118940096
1.7186350202772211 63.375157164724776
1.6462454223270717 59.52104313427845
1.7172880640525952 55.54869666708334
1.845276244669521 67.59803582050262
1.8786299574006151 73.88021799908329
1.7469608013629885 63.01900225027729
1.7107243391910065 59.38759280838488
1.7058816826501328 60.258488410044286
1.90882904312876 69.17721307400986
1.7728652169672516 65.05421290054424
1.7311698623339364 63.97224388201965
1.837375804659809 67.97879024321917
1.7821156055474667 67.58682745665324
1.6687243031724595 52.47328837004924
1.6010810912402729 56.45187969370368
1.790666287463213 66.47521608243609
1.7777649834381208 63.357589038574226
1.777151123587138 63.28406927135146
1.912222371968492 78.88903891799521
1.6576919185739343 56.01448300716777
1.7382831111146932 63.20118838165296
1.779778790537423 65.94567686719172
1.8911123131089762 75.47724273600657
1.751683870447384 59.19773150637553
1.7654419570903914 60.313918377112415
1.7211945203199952 57.911949413304335
1.5767157264923166 50.9771926022156
1.680169247414121 58.33115663588062
1.8349904550358398 62.988717145429376
1.8102623914953977 68.6783184968013
1.8182932614117908 64.76444578428291
1.8472572965538245 68.91305773590545
1.712623940725708 62.13613989304887
1.7595752345210314 66.41591222324821
1.7596309179770449 58.81516123818529
1.8522633578474195 72.80834911801917
1.6839721684182634 54.82395172673372
1.862763730986039 69.01260211039076
1.653965187673648 56.40386848646128
1.870917565764199 69.4635782676076
1.8848742288547962 64.88348221292591
1.7097645143244042 56.03097521185016
1.8965311069331665 69.20384819735646
1.8492365987938966 69.11121370333281
1.772037176206208 60.20093202904271
1.7298307042214283 62.3069222884444
1.6089437734301768 57.023539841033724
1.7573351325724886 63.224187057531815
1.8701730989714906 71.08550129034941
1.7371133761492619 62.47841652457259
1.7304225292248887 60.319841143267915
1.6200108815141983 51.75630947411694
1.7240229940169045 63.307236938496736
1.7542746500516242 63.6863143702666
1.5619899028929025 52.99654728376356
1.636725630280534 55.73004225740037
1.8428840584187804 70.18995271110829
1.6760419070877866 56.10375087241091
1.7859455079142146 67.52540863884431
1.5703302919569007 50.641634212207116
1.573772613877095 50.33095381064898
1.85615212768997 70.4533803328078
1.6617493152428988 52.63216949865718
1.9625504153869646 77.82090557852197
1.7087867209796377 61.132487729578
1.7296419783876198 61.319721029899526
1.637754626055803 52.04633824650586
1.7883970852303066 64.31695170826164
1.6984785578735841 55.78930094166329
1.807475078211933 64.31524503407582
1.7680486254151946 66.77794708505138
1.8771200239693115 68.96797839686464
1.822582762215252 72.04883733751706
1.9149636188085668 75.03058234313656
1.7676955214470849 65.03661192943395
1.999910462204877 81.89267827287618
1.5930964237685565 50.60416910689022
1.7475194494352548 63.52222761218705
1.6483080446121967 58.216426720794416
1.657213098525072 56.676228336847494
1.775981027800375 62.17018762746504
1.815281761246413 67.20401988481038
1.8806842774793644 76.2588155628985
1.7500176697522198 61.637761640550586
1.8267821207542434 71.5827830738269
1.8372311258006515 69.92978834937605
1.854989847644106 68.18171857696883
1.7665041000161492 62.27329871429319
1.871204189194068 68.09087566500932
1.6871724772167382 58.867598403110335
1.7096722562002757 55.52270112438361
1.8459130816953297 71.56428633133442
1.7715990789335665 66.29853032850879
1.8513941914417003 69.02516103832359
1.7729998952166124 63.27276568390314
1.8650361315158703 73.10454764459325
1.7228606876311001 60.49551755242616
1.6657539987780943 55.551294015568914
1.7370823258754522 59.83292105575414
1.8426167164042453 68.86003918969028
1.568425496358196 48.777113694525795
1.7969025759048174 64.79780929134137
1.9607865225854195 77.69006686439674
1.7542514523082828 69.40009539976495
1.6651238351848427 56.72351832820455
1.9369819388009184 73.86834102435603
1.789596559433251 68.48304310459945
1.7853508814711814 59.14556220639266
1.8773359605251465 68.38520581947432
1.7881134222624957 67.28340037659727
1.7828900469600681 66.33176075980401
1.6830293018461233 58.27640700736915
1.574349210116563 55.043230919676525
1.7701708236965943 63.25294145265293
1.537418987173734 47.8143824569635
1.650168431021727 52.4610449234712
1.8040057543058161 63.19378975072951
1.770016456606772 64.05939483020622
1.7301072081746591 60.45459168197234
1.74462769774053 58.3328349633981
1.722512973901133 57.25363996064134
1.7710193629336584 63.578345272429246
1.7996737307830202 65.8180535066817
1.7692030837230917 64.25733746705835
1.634496344197975 56.74123646383158
1.6550593053531175 55.161637844465545
1.8274652822985553 66.56007207731717
1.8094903310971189 65.09174936218095
1.5892206046205615 50.60850363791501
1.7199529456803273 63.233314848998795
1.9332190356012564 77.98361285352561
1.793106534301847 65.76230033998962
1.5220303927669598 45.830938648941746
1.654870105971145 53.965003598011656
1.7402163638234374 60.784074987620144
1.7827834780922653 63.537891821580764
1.709680381835314 57.712773323315055
1.9468255191943507 74.00594170139453
1.9145986320535886 70.59372413569358
1.7882356837735582 62.09386524771206
1.7961978425881695 66.26318579163775
1.678382735361734 57.4117783389037
1.7337925617050212 62.37006820234317
1.6676284877548797 56.76304130483531
1.7677649250676792 61.384359225352966
1.5474058258009769 48.14343138392418
1.6971055202310399 59.389409361736405
1.5376998867635043 48.62134280494968
1.8035723587252317 66.9076729139565
1.8334568594279206 66.4957343084963
1.7961552041888802 68.2889421573742
1.560073000632713 49.00290768152927
1.660334903566051 55.94142188239596
1.868162829421798 72.09557917046443
1.6542143701013805 55.37687651369031
1.82356082064562 65.67799763807801
1.909887346004803 70.56093563857357
1.798916747080276 63.696128042978906
1.6987370910132107 56.35136668718499
1.6970475989451423 60.74022940646211
1.7216252888358867 62.046250754961484
1.789937425290417 68.02874252810243
1.7813138776823931 61.367069880489694
1.8021008454901322 65.70561276270028
1.7740246374790112 61.52158821099547
1.7815673170306896 65.05697509391219
1.7984886000509261 62.34625464069626
1.5974580305911341 53.81540250758567
1.7889785460674503 60.73440025825782
1.8238644480574817 66.99021328728375
1.6624073598471232 59.25244908247334
1.663211621522092 60.010261195957774
1.604333796303992 49.95625259822579
1.7730927534419185 66.4623316984003
1.5394419239351602 48.57774267576599
1.7708627001251056 62.88135644927025
1.7434489766096617 62.463710452213284
1.6777489091437754 56.13334951950319
1.5766028569475825 44.52060271276982
1.8735948367282627 65.12688904836753
1.584007574362494 51.49029906028439
1.7213055719701345 62.99693335284055
1.663444897971429 63.25286208412042
1.8495153271740132 67.99336024029742
1.7795550987574864 63.27509513169476
1.7821307484434534 63.72070749589754
1.8067026328133537 67.55370163719354
1.6194610016417317 53.23850268755701
1.6341394556561748 53.82196750413843
1.7354177221929865 61.821960758397765
1.8518037097674673 74.02761380190327
1.6625227701437169 56.29732340817711
1.9985689526816592 78.53223059969022
1.711829998665204 59.92174563397844
1.949215834767877 75.93338745795792
1.7921268594460122 64.82515701232255
1.704272382402891 58.658017160088434
1.6335583301274885 53.63327021514901
1.6083840182693645 55.43775140329127
1.7545673969807776 67.1963235015092
1.7640620503126467 64.2406552408916
1.8755296325723458 68.05664291944628
1.837488360912793 71.28239806098908
1.8438897015450404 66.1749184131004
1.7264793227692568 67.77329663929734
1.6656701706785975 56.60858871970294
1.807592176074742 68.53619873493459
1.7505087116512654 69.57235685164665
1.8561054632633518 71.70758016701363
1.7293154613316006 60.94418108358731
1.6062402448488444 52.52740619647881
1.7318767763775944 62.14296636659494
1.6223164056869732 53.37607992147956
1.7370382543959961 62.942206272684736
1.7696998577267373 66.29478419866001
1.8677183826442996 71.22152942437786
1.845528828881648 71.29558753907959
2.035686983810499 84.1693285484083
1.7918738587137328 63.97065732038576
1.7357377398603901 63.11348224638078
1.9476354471898893 80.4443200755329
1.9744344677579668 83.95541935760848
1.8240627542146866 69.48754821221617
1.7989526247586507 62.709665130125195
1.5585470490649072 49.31974598377723
1.7212678103739596 58.48182725668514
1.715706231430159 57.58344658146695
1.6494903691129297 58.15922997497271
1.7720944785003125 59.950273921152125
1.9494880113706283 74.77720908395106
1.6766579836695181 59.84332387763424
1.8584220913764287 76.06525258148571
1.6251687594377873 51.02185247030092
1.8498073269783668 70.53019393073174
1.6509744216844209 56.976214152097846
1.8605194089842398 73.27563278845335
1.7633647249831914 63.15064793017932
1.6844911573980077 56.31996421891427
1.7390808837471166 61.504656665047534
1.8406329426276453 66.44377418435467
1.8133933792988504 64.03183026775805
1.5853352489434709 50.92204095998076
1.772720209224224 64.15234313799934
1.859279577569176 71.76940311457423
1.6918220222473948 60.06999705987401
1.7239054741639759 62.699358575512356
1.663912959002629 56.931884891646206
1.780550204284435 67.91156589977942
1.7687200781568064 61.677189173976885
1.7198702388539953 60.16759005922036
1.6717456524883654 54.449165652893534
1.713761673572987 58.49878617207163
1.6820693671375955 57.8521026575752
1.8624045177642852 74.13657232830747
1.7230820713278907 63.05990249360612
1.8258748696531342 68.18312427971321
1.5873680928156397 53.67043103515923
1.7697828446123118 71.75433525276085
1.8868841315707714 71.96939480415884
1.617810242838618 54.31380583567825
1.6752917326814274 60.779058345537564
1.8592291026223549 70.61753700722892
1.7686816685893325 67.6796729589721
1.7497993036655797 63.470294108921365
1.7129310596504732 59.081267708064985
1.7667894235274764 61.02508880249773
1.7935693181733876 66.09138242172372
1.8670778949847289 69.41180723371167
1.902987497427993 73.2037404955389
1.6875017814007869 58.20292726221511
1.7531344278569263 65.56925712624918
1.6617953581314129 60.90870951594616
1.5450795503577635 49.177514622295334
1.7310935966817997 59.26831860270681
1.8085571326878482 67.30443159426059
1.7479748568431712 60.82116049691245
1.680990344838103 56.26900347918752
1.8952607465012459 66.6863909125568
1.7846416214033884 65.27910642396827
1.768738392374394 68.96260605645818
1.7893076664169718 66.76681930587777
1.7084823464150998 64.54360516766226
2.044516241634032 81.41658380679614
1.9052887119929833 79.22023022566142
1.5777205014429279 54.316355458952955
1.7989236007318146 63.64777150421289
1.597572388253116 50.528625168168006
1.666885547820875 52.29959998838012
1.7612105639343314 66.15990637842701
1.8714945481404437 71.49179707330073
1.7634041773324431 63.702173795818474
1.7268892164560963 61.95173357896763
1.8667963389430438 73.91004185918784
1.737650528487042 63.90807126538778
1.7895250601616772 63.77786752995349
1.6297782177836768 54.16751949919408
1.661084122997349 56.504086766109765
1.9965906077034603 76.8082669820599
1.538990822994017 49.95538481218762
1.718289653833879 56.840818289180746
1.7191012937575216 60.729746095433555
1.6540540363571905 55.30308323676133
1.7343287589891294 66.27834569806033
1.870056192015228 71.7877731674701
1.9421132744091907 78.95875500094874
1.8441262762062858 75.2384078139345
1.7456700332770247 64.4088345237185
1.7677868627226485 64.55315991838677
1.716739701903429 62.94685843092208
1.7793815326941613 64.2647260572254
1.7877714584065831 67.87233243476162
1.6169750106582181 54.10630059085681
1.8156997062524403 67.42189795607209
1.8502806760865411 73.86377934581746
1.8391833936511275 63.02914929273131
1.981376474363608 81.21262277819744
1.7552296617864493 63.557066875950504
1.6286667244981474 55.87348010750151
1.6862151799915315 56.565547074177196
1.7796773745943713 67.29270585321373
1.8945577670679479 70.22805750412007
1.7779990304343363 64.70654552629003
1.8724468946334232 72.5619432451457
1.7708484799050137 66.99878759904675
1.6945782038022652 57.39131373961358
1.7381144766536802 64.78690396449953
2.005831294509762 78.79141988921437
1.6768367064506675 59.004071356493554
1.759583061650272 63.32439047235869
2.0780048459433593 90.80935197837289
1.6538539994164685 54.01472360402528
1.7994110340086353 63.95753549790261
1.6998562109227549 60.31789422155773
1.910002363915067 75.0031853263246
1.8148290692326015 66.81941093697395
1.8140708693608707 59.91663103486721
1.6773384707512786 57.33240265565534
1.7089357975435673 59.145723158016885
1.672366144150345 55.56243311196627
1.7074386847962801 57.62259916113035
1.815647118792825 71.76140815838846
1.6497874160431556 58.97715933385821
1.810651239883756 64.4731113208022
1.9075186902857748 77.17275773120964
1.8737339163682896 70.68656406516135
1.9034570524697447 79.81375858819986
1.729920798732661 59.60406456274893
1.877398511322229 72.46557514035364
1.791042840203624 69.32595287283038
1.7311078354511813 63.64779159107204
1.7840981319181235 68.61264571490527
1.844234344032218 65.45064640042389
1.7352590123827782 67.88876583953935
1.7212883810551751 56.913365614024706
1.6284016485151804 53.694612145956086
1.6717828985615504 56.59069053709554
1.8628319487092648 72.2700995931193
1.562606552881435 55.365885980363245
1.7137215610967322 58.53621977583768
1.7628756325621446 64.45213114156684
1.9249751441878402 84.55097922938606
1.8761668360040056 69.50172834978459
1.6285704421630667 57.70575757918774
1.708921041423517 59.98440526704789
1.6191557653744104 50.90298867221204
1.6893517443355122 59.61633235915556
1.6404929332549847 52.9954368956944
1.7031124134931628 61.22500948643622
1.8156921326320994 62.69933624315921
1.579920220232832 57.23274014029661
1.7771729542973256 63.35957980636477
1.7154945679506208 61.973484105600555
1.8138884815298943 60.701188785982254
1.828415687223871 75.89563455889612
1.682423291351236 59.33549553639948
1.6617372178031218 53.803043054497365
1.7852076096004807 67.31355622047735
1.9820963585810345 87.47826743109685
1.8053913122423566 67.00227519559158
1.785428637989683 64.76612473667258
1.6354076507760935 53.00710322700186
1.7852426384341582 66.98509038387446
1.801355387083931 68.57779599084371
1.6102667896092133 50.01643639533426
1.8334655759982605 67.69479408552297
1.696012215691232 61.66377832419406
1.7604115572883667 60.7797726721091
1.7457872740834437 68.45479578335784
1.8852595176884275 75.14485696788698
1.5579720378710111 48.32309589148181
1.7963831253702252 67.28604767553068
1.813656880412365 65.92527793878246
1.6660007598590705 55.43228966878637
1.749349160400387 59.87877899937136
1.7975416273572544 67.85153438096302
1.6808682176377838 57.773319138962414
1.6999011341722934 59.02162147668927
1.9375892701684299 79.08085722153405
1.8418714432061178 73.22168409192543
1.7954247340792815 61.041276346843446
2.0289588475425666 86.06620120148715
1.6944496757959535 57.38281626844012
1.6615163413025855 55.2655641271519
1.7452081949417084 67.65267046823072
1.5626017264856369 55.23106521781037
1.7090439136919808 57.696341904753055
1.7587101196600021 64.72136899768769
1.6430722184884132 56.93923237815077
1.700529396151702 60.31918483946202
1.8698746113428946 73.26422296399008
1.7081151849593064 62.768703757126275
1.69238396163351 57.939319047954015
1.7375023874649467 62.70244852520362
1.5186214354174994 46.064304404618575
1.5931572920633699 53.00147952191318
1.9417840986353994 76.92448956293948
1.8152239425098133 66.70115567336497
1.7637890029917516 62.133816194528734
1.810518135094524 66.78894046931369
1.8085504417038056 65.39132354242484
1.8645799869237072 70.64468383370911
1.6682024896083412 56.687639506800494
1.7410289890331794 62.73599334080343
1.798512520206863 69.9956845108575
1.687296739479377 53.653456143082195
1.85085271508366 67.87379835974892
1.717374482553509 55.42977534193269
1.5746246468403395 50.1536781124248
1.612896634071663 53.13061565421634
1.8122521405317416 64.09968151482776
1.928413280936965 77.25420810349264
1.7655741432837178 65.57102149613338
1.7953679915585952 67.9600582838869
1.792385527500896 59.21960009756987
1.639371045229665 55.55648419583497
1.7415443564734234 60.46131790734598
1.7686464252373286 64.86571491967278
1.7388566467961035 59.59071176616279
1.732328152488176 59.83798767783164
1.8815122197123506 69.49669227237614
1.8451269304065563 74.28096228071931
1.7981148254231951 64.8795177748876
1.6882536897643625 53.98596737035794
1.8310314780227552 63.07316755289488
1.5500397533113899 50.565441786585595
1.8710419986498967 75.27121856796678
1.5979088883269408 53.017538136770554
1.7860545311118479 65.97941295441954
1.738836764452984 57.58657337253591
1.870471766324935 72.02908873069303
1.5678419543576168 54.05321797894067
1.648274141392055 52.59174417288315
1.7535541718208216 61.299124732425454
1.7399369777774416 65.1550214265284
1.7053588285306172 61.23838511283726
1.7364214179556745 60.90868822121048
1.627699099296479 53.997472955123676
1.8572418539753168 66.042908115545
1.7237757126297708 61.1658268953934
1.722466982217702 60.45439981780731
1.6410675124988143 57.43717767885845
1.7953105450625104 62.804736009921456
1.9580270904694277 69.76711487656557
1.8399521168171364 64.31116079716915
1.793920082099877 64.15750540636384
1.6903844949863718 61.46680076787336
1.7723800755930188 61.61402810921332
1.9456402807626594 77.1374321908331
1.9414549914328232 72.05049013007685
1.9756404134796197 79.10075947146844
1.8480914003745839 65.31015198001974
1.7863272890342186 62.1273788469188
1.7611682147715966 61.730998690363286
1.6174731007920296 54.20345618942104
1.765308894360159 65.70911963772086
1.6515916716562982 55.69810524375989
1.8308532916729752 70.49159927507465
1.8497609533592037 66.97943863793344
1.6396199805043001 57.383008589581664
1.7580997652905357 66.53070148905162
1.6493862144950113 53.281380952162735
1.668842799665561 59.36391639703097
1.5562819907952559 46.99422516425911
1.6197798732982485 51.817309002171775
1.8062227117124205 64.40949837052418
1.661281015890705 58.04102395499713
1.7253069469313551 58.639307652139834
1.8596291234542195 69.7706301573344
1.7782925318782605 67.74675882324902
1.5497641887034155 51.17967325807839
1.6770005053302395 56.113350220987236
1.9001345745555556 75.8682662241589
1.8229834512723155 66.21109342868438
1.655605246874896 59.64108183242119
1.5398785233672405 47.414151249341025
1.7872857681910892 67.69935797665414
1.6785807415918226 55.702263733063134
1.8312961528931366 59.11691596104574
1.6592011169736354 56.17127462694789
1.7152894446169025 57.27357070917506
1.7733413134059597 67.52104399609159
1.7429891042559995 62.54536720450684
1.9035382506566518 72.24224968845317
1.7192168951633717 63.866116752963165
1.6860112167080747 54.52514241089298
1.727691446149356 64.05464210318236
1.7875688383793746 56.473656448717286
1.6755818435279168 56.34097801384544
1.9181398176336462 73.54393870503475
1.7363505824181988 59.10740768573145
1.747104610048804 58.52713274089447
1.6317927591179646 56.66470172520812
1.680911361415821 56.73429648444525
1.7229184652732172 64.36777803361346
1.8791219550876337 72.14753299027106
1.7702219787846993 63.37183989415072
1.8394939362912115 74.62107385425675
1.6783712340543857 56.8222463022231
1.6549722942150993 58.334792522248236
1.7427916477881917 61.844463488595004
1.6140015718680283 53.9855251529786
1.6537282201132055 61.3941356478908
1.647123124194489 57.936173306818425
1.8540156208247636 71.8554470382166
1.834798054941717 69.74892577224983
1.595544473697917 53.244013746603784
1.6480137440121536 59.87981146636909
1.9112881964612964 76.42210711574084
1.9301475962981292 72.73332417471457
1.841021793850439 66.05346910689147
1.6765379792932096 55.13019535636613
1.7740472209023181 64.30409619220903
1.5605768609003006 50.94471328938132
1.7195136134278497 58.9147915463365
1.7508150367513484 61.46856110927302
1.9391556739654112 79.17092931490464
1.839504663840111 69.45060163921964
1.7796229606736782 68.58615112940585
1.899965019795081 72.65861623117608
1.7921394571249234 70.43573336511209
1.8412096634672996 72.35771171341754
1.7337038716864563 61.40762349774514
1.5927497097279955 56.56764151588955
1.758889872641866 61.4397285564783
1.6650156365311177 58.10433034718941
1.8947486440006358 72.8467699722033
1.676773686702917 59.294746262841095
1.7871065136598105 70.97785942780781
1.7053553577865768 63.54114306037415
1.7617046329313812 65.16022814477161
1.718970403211472 59.34940102150793
1.5949836542852476 56.811338442801514
1.8498035153042836 70.24225407378623
1.8420003612216183 69.18889333673414
1.8380072518704378 71.2710657457432
1.675005844295892 54.675752577305545
1.5684847414970113 48.23407022307109
1.6406987954635126 53.71632311164676
1.5180423238254317 46.31061526161824
1.872721038765367 73.90433273640019
1.7257292913762494 62.70590174437103
1.550633795001653 49.24986852776322
1.8194407940977237 69.40290404674826
1.796912616897316 62.85230202318139
1.6745733652638461 57.580825570145876
1.7626755032579642 66.37497178250914
1.7182666185684599 61.24117277369102
1.8312861121654476 71.99181530610149
1.8382610479142172 67.7213973685324
1.9221532149496658 72.5811759782849
1.5945444094311045 51.853351045806235
1.5345770851619305 49.72021830134494
1.7538228409477392 64.40031835345562
1.8320702575542736 67.23092244877137
1.8163517191149687 67.14721938233143
1.7574921234614178 61.47574929459552
1.9589279574032183 80.66671442536281
1.906849021934282 73.36965688266602
1.6957683055677713 60.44795821071248
1.5765480845067297 46.46228118352217
1.6312123828112066 52.48698436996493
1.5893847827763345 56.091321133343115
1.8016016122850904 69.14637639353238
1.6061811277697786 53.82561657252443
1.73888661656551 58.35073510948086
1.7308263775803387 62.55067443847593
1.9899206050982197 80.84101534876427
1.770490139394196 63.31190499996002
1.6428165097703973 54.86632455619397
1.8906059267834106 71.60211147309029
1.7161503911570348 61.75849574281206
1.752174999018387 60.20859576295445
1.7365268693359521 60.14122206586251
1.6532729631287812 56.67723713358341
1.5435101439085566 50.180490095501035
1.5842172607146245 49.85503289864813
1.6737964943128214 59.23000378689298
1.9026634995838505 75.93023460879931
1.916461374979716 78.2736955173397
1.785245563744981 69.33934437161453
1.5411748144177697 50.41645116652522
1.811545772322178 69.39386686639745
1.8675886134808348 71.44125000526256
1.8533260029654088 70.23895458279208
1.8062083100796074 61.94327255253923
1.7902941990675698 63.10813884308204
1.717265282369326 57.1546249830399
1.8288711128589215 69.62446248834068
1.8193585966795227 70.2149322767115
1.79553778171317 63.10356691311261
1.6361660118355124 55.955269689365764
1.7029810879541136 61.486049230229185
1.7290519591458813 64.22970336896178
1.8567496356641295 68.58387800526506
1.769053518244858 65.87395870774756
1.7149563303144117 59.26171066536916
1.6419109372240335 53.203233211395926
1.8938877418712234 70.56238180645578
1.8469044154750665 70.21480237434773
1.8840047026013886 70.64840767269295
1.9123434383055034 70.77899833658083
1.7436602996151358 63.102317887354396
1.7965903061539754 67.79460725822334
1.6770752856433555 56.875497520825256
1.7347417093318496 60.199751170588605
1.6504750229144256 53.960299664767966
1.5380560606909373 46.61015386591156
1.6905545260807784 60.2551762649687
1.573750004303224 51.334243620054906
1.6282286559169703 54.23915138391961
1.8711499756852599 75.96679710698518
1.6582800291458029 54.260368850718116
1.870153191693002 68.20483629494338
1.5339966507685956 50.18644899845551
1.670362653656885 55.39867388154018
1.656381626308672 55.797436963828765
1.7664877135104555 65.55327035426885
1.690399361552181 58.04438960377028
1.7271536620582477 58.560024422308295
1.8334678017079469 74.45215019006385
1.6950576726492168 59.26450228791447
1.675208036265499 58.5916482984413
1.5615640393164854 55.41638317346637
1.7683783157468294 66.40425701943796
1.912100192759964 79.14910021940665
1.8237138901556977 67.59234828707945
1.7883816900897358 65.94327488718338
1.5499065044467606 46.33632405216469
1.7712991807264578 61.678554357480856
1.8375746581916919 69.14891802163949
1.7866866562275507 66.89194446460347
1.5508740051082417 50.761618915627295
1.8410371299793682 70.31864062029953
1.958578580232711 80.9914208215759
1.8244799140918446 67.51382111545212
1.9079367008851114 70.84225320249712
1.7824925029756589 63.39817155626427
1.8623488701266226 69.89466385305298
1.6112927547949667 52.4672604850391
1.7838277014598916 66.57763650417131
1.945420920253431 75.60819446735552
1.7061732682273005 60.39864676981903
2.0191618258012336 86.09407043359208
1.7997265622082603 66.85659708743934
1.8434278304154932 74.87451639284185
1.5212427738118788 49.356128138992474
1.7489101402727922 64.32184342427816
1.707689448025782 56.01898929181329
1.7730065442833456 65.1932438687678
1.8258351240023272 74.34093065474653
1.7312782527876185 61.88745426899688
1.8816913064582799 72.69106558119951
1.789238694870542 64.18970386944135
1.7965796164207872 70.5743465009269
1.725231514372116 61.8416431924672
1.9770143530330546 77.85453067803206
1.66932217743531 57.84504148357074
1.713039550908322 57.71961734183133
1.8124704701354906 62.4401061543082
1.8665989224674497 69.55541123360382
1.9227594618507964 74.0242116086005
1.7368742602543474 63.64693935609317
1.7661540814189416 60.05063496453956
1.6671500606564689 57.13831967933679
1.798777897819981 65.67992203719949
1.7617390925330785 66.32291365376771
1.577328408937015 54.1625674039929
1.7326084285859669 63.69372927997159
1.7546326540904866 60.47400403789067
1.7079211652841766 60.75377842086479
1.6892196561499147 59.309111647256536
1.5601139343235175 47.46060276974575
1.789820512498513 65.35788793805195
1.890587342604507 70.56880557261859
1.9044813003747254 74.33398439175663
1.6501923979398239 61.8099275951663
1.698214972387609 62.647718357100054
1.6512336111358028 61.35475661262241
1.5651110393647263 49.61010057991237
1.7139733143776335 62.40547099306857
1.6810603698629307 57.292531711294885
1.8565670845709175 74.30513458867924
1.7575400381576374 66.11856469120745
1.6666462596840175 58.40656762768625
1.9483084137713442 69.30770978470959
1.8315429950659576 70.51134843702464
1.764475524355616 62.90058923360082
1.7647211912546346 63.79771643106056
1.8242357657482853 63.66041027266329
1.7614638953582338 61.49740291719287
1.8308512591309738 72.76511923230993
1.8372486014597864 67.29517535458284
1.7676482319774092 63.00225007411279
1.835652249086598 66.86926666166605
1.6567620235718568 56.77752859247135
1.7910867006792253 72.30559333150394
1.6643414005849013 60.11282655794999
1.670355346668407 58.28395715266627
1.889763078980075 75.78747040630975
1.592967131776549 52.80055142312742
1.69002824591003 58.81451091749144
1.827676632496675 65.74166219598247
1.562949022013232 47.7949960106629
1.8104762823722391 65.74382970790869
1.5914482926131892 51.44030250006376
1.7172519740891774 55.909769780663844
1.9285860168220146 72.88019955083367
1.7094910444182752 62.02691269181397
1.681391317284358 55.536929794842216
1.7266268550849815 55.162855105492945
1.6678836314355698 57.11577840990022
1.650579561435385 56.18767971992279
1.9004667077303656 71.87144477155381
1.6767166262593325 60.57712626554141
1.5284657847072094 47.503612598178904
1.7750445629652836 67.49049738546435
1.5860905082476195 50.360241495995254
1.6118049154593537 54.61605291218156
1.839475436522586 70.41468353771393
1.835770474143319 67.52109884516449
1.6900702403589507 56.836671905566405
1.6945345061335817 58.8422050136409
1.728031834182368 59.71813678617801
1.698310777230316 59.688493728850986
1.649286674863871 53.9611921096117
1.671593292613616 56.609544589811144
1.9252955258012256 70.21444768369888
1.6933999948389296 60.23709490858138
1.7531887003304951 63.58299590838613
1.8173454732590297 67.85504435764769
1.768113322121368 60.97381124099405
1.653699926587756 57.18656187148884
1.7570022016303721 61.43283822719277
1.9145576341910648 76.56084790825884
1.6986193698306027 62.701347066244416
1.811961239646581 68.66046371280356
1.7738248263699798 67.56329684190038
1.8021406404585414 62.87172152871631
1.6842081701368556 58.15923730049626
1.677465597994886 57.03218480278903
1.6556717862620454 57.81385222045987
1.602322631076987 47.674259605301074
1.6842033948617865 61.104531298811196
1.6529450740579856 55.28924158739088
1.5685088662434925 48.527530495031876
1.7713210886395845 67.23489754649744
1.770469428990613 64.8963934129452
1.6415816411753819 52.28421008861247
1.7369522208481358 56.5645832930667
1.916571907205018 73.88281253555014
1.8492764770126504 75.29600627656733
1.7168606236941577 60.20746499976973
1.7525097767501174 64.7933284827351
1.8148955666345858 68.33124327316091
1.9945516056492296 83.53221359441218
1.6877886100276263 59.34003802696244
1.9717048428628512 82.31913732332879
1.738863877608947 60.242303263767774
1.729550528597186 65.7950653751238
1.6496293786455989 57.82873291194111
1.6895310571707591 59.73168384034657
1.8354607372006724 59.50775959375913
1.7149525970538733 62.358881097412436
1.873826895435666 69.5009918056646
1.7735909038403086 63.30009190909276
1.9164322420607494 77.91746806912893
1.735839687713252 63.47575935490448
1.6954634268987405 61.68492015200139
1.8058273572266474 63.8545445627314
1.735945979624009 65.69167262104067
1.8102104026406358 67.0791599991176
1.727632566266948 67.94203829662356
1.8677746193623108 73.99821145638427
1.7152840199864985 61.1814103920758
1.8342446480457522 71.74947157159832
1.7411994079718025 61.84536288415197
1.6929795216993617 59.743002943059736
1.8449599590974246 72.02953924665476
1.5898843495567916 53.28961782869993
1.7422139360246829 61.13180971138028
1.6917987024404444 57.18679075703095
1.6893190063821517 56.60456934467847
1.7625132046789742 63.36955596546402
1.8161224042797295 69.58001941707704
1.6835775694853312 61.67772123138774
1.827264269547016 68.78462245942087
1.6713813858083535 58.42189177730681
1.7039711053397717 60.71156272950253
1.855748681888917 72.16905010653805
1.7497469365765996 64.14247860787152
1.8165338830483486 70.13985115089565
1.7913850132349336 64.43746211200465
1.7969013338404691 66.15318330942331
1.8472060563304433 72.41280313981295
1.706009440192197 60.1928160881887
1.6967498593753687 57.83346607167127
1.7932425326127717 68.1773215064546
1.8112553293013067 69.32893795415063
1.8376116575733228 71.17345653817227
1.6136628884259177 52.48694531617513
1.6320013897088814 55.48940589195378
1.7668535630672286 62.43303593196126
1.7825545837747019 68.43137775209466
1.8308234306702469 72.3116479461321
1.7307533891273732 59.76398726539106
1.8206145254393844 69.44526405164326
1.7245005510180367 60.840884674138515
1.515024901874717 45.67702736713556
1.795585059755384 65.93208569462558
1.5014380606014315 45.20576413859747
1.5748083764719534 53.05169883768851
1.827987966143982 67.41225219431149
1.624705905368142 52.74074366872649
1.636588508751732 55.5600590501054
1.7815934288259656 68.62814635134205
1.732223449221661 60.027580546819735
1.8233373146638192 63.09690105042568
1.8030849497265646 66.5431552226741
1.5717158740840282 48.704419498242544
1.7488880453216906 64.14803059801692
1.5487911879967093 48.127792179621636
1.638072285701262 51.24739972017765
1.613836613423743 54.03403998939845
1.826344671175439 69.42151396200885
1.7090532661393478 64.15345785427769
1.712971927267522 58.210370263686364
1.7353155005862901 63.88834882965421
1.780575354067882 68.61513481761153
1.729363884182335 62.80698753619689
1.8227995891307724 63.52163297926799
1.8254528967727603 66.12722927118125
1.5795434164902966 51.12998994772599
1.5605867654125407 51.19142157600266
1.9060977462143875 73.55616034506909
1.7781810940013156 63.514714242311456
1.8676450380185057 68.87062308562969
1.8078288699315086 62.63663854507905
1.7013161467927935 58.89217258112632
1.8807913778774925 66.71122985487695
1.7155867154637205 58.75810370869441
1.61808680240686 53.13680500627627
1.5905304091324446 53.95181776759792
1.68701047015022 59.58434654972381
1.5147981564051414 46.279739488242264
1.707366937725972 57.81174734703592
1.7691906700747364 66.57583042590963
2.0141098663771615 84.24648821497769
1.56127657857097 51.91445149820111
1.746518317898815 62.52854724034286
2.00635926316466 83.07583298938204
